CELL_DATA          90
SCALARS elemDataMatch  float  1
LOOKUP_TABLE default
 0.00000E+00
 1.46212E-07
 0.00000E+00
 0.00000E+00
 0.00000E+00
 1.87392E-09
 1.14980E-07
 1.14980E-07
 0.00000E+00
 1.14980E-07
 1.14980E-07
 1.14980E-07
 1.14980E-07
 1.14980E-07
 0.00000E+00
 0.00000E+00
 1.46212E-07
 0.00000E+00
 0.00000E+00
 0.00000E+00
 1.87392E-09
 1.14980E-07
 1.14980E-07
 0.00000E+00
 1.14980E-07
 1.14980E-07
 1.14980E-07
 1.14980E-07
 1.14980E-07
 0.00000E+00
 0.00000E+00
 6.75123E-07
 1.46212E-07
 1.46212E-07
 1.46212E-07
 3.02626E-07
 7.37359E-08
 1.22839E-08
 1.46212E-07
 5.21003E-08
 7.37359E-08
 7.37359E-08
 7.37359E-08
 3.72870E-07
 0.00000E+00
 0.00000E+00
 6.75123E-07
 1.46212E-07
 1.46212E-07
 1.46212E-07
 3.02626E-07
 7.37359E-08
 1.22839E-08
 1.46212E-07
 5.21003E-08
 7.37359E-08
 7.37359E-08
 7.37359E-08
 3.72870E-07
 0.00000E+00
 0.00000E+00
 1.92969E-07
 1.92969E-07
 1.92969E-07
 1.92969E-07
 1.92969E-07
 0.00000E+00
 1.92969E-07
 1.92969E-07
 2.81363E-08
 0.00000E+00
 0.00000E+00
 0.00000E+00
 7.37359E-08
 0.00000E+00
 0.00000E+00
 1.92969E-07
 1.92969E-07
 1.92969E-07
 1.92969E-07
 1.92969E-07
 0.00000E+00
 1.92969E-07
 1.92969E-07
 2.81363E-08
 0.00000E+00
 0.00000E+00
 0.00000E+00
 7.37359E-08
 0.00000E+00
SCALARS elemRegul  float  1
LOOKUP_TABLE default
 0.00000E+00
 0.00000E+00
 0.00000E+00
 0.00000E+00
 0.00000E+00
 0.00000E+00
 0.00000E+00
 0.00000E+00
 0.00000E+00
 0.00000E+00
 0.00000E+00
 0.00000E+00
 0.00000E+00
 0.00000E+00
 0.00000E+00
 0.00000E+00
 0.00000E+00
 0.00000E+00
 0.00000E+00
 0.00000E+00
 0.00000E+00
 0.00000E+00
 0.00000E+00
 0.00000E+00
 0.00000E+00
 0.00000E+00
 0.00000E+00
 0.00000E+00
 0.00000E+00
 0.00000E+00
 0.00000E+00
 0.00000E+00
 0.00000E+00
 0.00000E+00
 0.00000E+00
 0.00000E+00
 0.00000E+00
 0.00000E+00
 0.00000E+00
 0.00000E+00
 0.00000E+00
 0.00000E+00
 0.00000E+00
 0.00000E+00
 0.00000E+00
 0.00000E+00
 0.00000E+00
 0.00000E+00
 0.00000E+00
 0.00000E+00
 0.00000E+00
 0.00000E+00
 0.00000E+00
 0.00000E+00
 0.00000E+00
 0.00000E+00
 0.00000E+00
 0.00000E+00
 0.00000E+00
 0.00000E+00
 0.00000E+00
 0.00000E+00
 0.00000E+00
 0.00000E+00
 0.00000E+00
 0.00000E+00
 0.00000E+00
 0.00000E+00
 0.00000E+00
 0.00000E+00
 0.00000E+00
 0.00000E+00
 0.00000E+00
 0.00000E+00
 0.00000E+00
 0.00000E+00
 0.00000E+00
 0.00000E+00
 0.00000E+00
 0.00000E+00
 0.00000E+00
 0.00000E+00
 0.00000E+00
 0.00000E+00
 0.00000E+00
 0.00000E+00
 0.00000E+00
 0.00000E+00
 0.00000E+00
 0.00000E+00
SCALARS l2grad2  float  1
LOOKUP_TABLE default
 0.00000E+00
 0.00000E+00
 0.00000E+00
 0.00000E+00
 0.00000E+00
 0.00000E+00
 0.00000E+00
 0.00000E+00
 0.00000E+00
 0.00000E+00
 0.00000E+00
 0.00000E+00
 0.00000E+00
 0.00000E+00
 0.00000E+00
 0.00000E+00
 0.00000E+00
 0.00000E+00
 0.00000E+00
 0.00000E+00
 0.00000E+00
 0.00000E+00
 0.00000E+00
 0.00000E+00
 0.00000E+00
 0.00000E+00
 0.00000E+00
 0.00000E+00
 0.00000E+00
 0.00000E+00
 0.00000E+00
 0.00000E+00
 0.00000E+00
 0.00000E+00
 0.00000E+00
 0.00000E+00
 0.00000E+00
 0.00000E+00
 0.00000E+00
 0.00000E+00
 0.00000E+00
 0.00000E+00
 0.00000E+00
 0.00000E+00
 0.00000E+00
 0.00000E+00
 0.00000E+00
 0.00000E+00
 0.00000E+00
 0.00000E+00
 0.00000E+00
 0.00000E+00
 0.00000E+00
 0.00000E+00
 0.00000E+00
 0.00000E+00
 0.00000E+00
 0.00000E+00
 0.00000E+00
 0.00000E+00
 0.00000E+00
 0.00000E+00
 0.00000E+00
 0.00000E+00
 0.00000E+00
 0.00000E+00
 0.00000E+00
 0.00000E+00
 0.00000E+00
 0.00000E+00
 0.00000E+00
 0.00000E+00
 0.00000E+00
 0.00000E+00
 0.00000E+00
 0.00000E+00
 0.00000E+00
 0.00000E+00
 0.00000E+00
 0.00000E+00
 0.00000E+00
 0.00000E+00
 0.00000E+00
 0.00000E+00
 0.00000E+00
 0.00000E+00
 0.00000E+00
 0.00000E+00
 0.00000E+00
 0.00000E+00
