 SCALARS gradientFD float  1
LOOKUP_TABLE default
1.29999e-08
1.59999e-08
5.35000e-07
2.50000e-08
1.29999e-08
-9.33000e-07
5.36000e-07
5.91000e-07
1.29999e-08
1.59999e-08
5.35000e-07
2.50000e-08
1.06000e-07
-7.14000e-07
-2.91000e-07
1.52000e-07
-7.22000e-07
-2.31800e-06
-6.95000e-07
-2.11000e-07
1.06000e-07
-7.14000e-07
-2.91000e-07
1.52000e-07
2.81000e-07
-1.62000e-07
-1.00001e-08
6.70000e-08
-2.80000e-08
6.38000e-07
-1.42500e-06
-8.50001e-08
2.81000e-07
-1.62000e-07
-1.00001e-08
6.70000e-08
4.50000e-08
9.59000e-07
3.69999e-08
5.79999e-08
1.01800e-06
8.72000e-07
5.12000e-07
2.50000e-08
4.40000e-08
9.59000e-07
3.69999e-08
5.79999e-08
