9.40079303610E-06
9.40079303613E-06
9.40079304132E-06
9.40079303622E-06
9.40079303610E-06
9.40079302664E-06
9.40079304133E-06
9.40079304188E-06
9.40079303610E-06
9.40079303613E-06
9.40079304132E-06
9.40079303622E-06
9.40079303703E-06
9.40079302883E-06
9.40079303306E-06
9.40079303749E-06
9.40079302875E-06
9.40079301279E-06
9.40079302902E-06
9.40079303386E-06
9.40079303703E-06
9.40079302883E-06
9.40079303306E-06
9.40079303749E-06
9.40079303878E-06
9.40079303435E-06
9.40079303587E-06
9.40079303664E-06
9.40079303569E-06
9.40079304235E-06
9.40079302172E-06
9.40079303512E-06
9.40079303878E-06
9.40079303435E-06
9.40079303587E-06
9.40079303664E-06
9.40079303642E-06
9.40079304556E-06
9.40079303634E-06
9.40079303655E-06
9.40079304615E-06
9.40079304469E-06
9.40079304109E-06
9.40079303622E-06
9.40079303641E-06
9.40079304556E-06
9.40079303634E-06
9.40079303655E-06
9.40079303597E-06
