CELL_DATA          40
SCALARS elemDataMatch  float  1
LOOKUP_TABLE default
 2.93047E-01
 8.47051E-01
 7.10235E-01
 3.15354E-01
 2.23582E-01
 1.23335E+00
 1.32108E+00
 1.86554E+00
 4.69606E-01
 1.06845E+00
 2.08356E+00
 1.62894E+00
 2.41352E+00
 5.38220E-01
 1.10108E+00
 2.09552E+00
 3.16056E+00
 3.53710E+00
 1.25398E+00
 1.19966E+00
 4.02388E+00
 3.09530E+00
 4.72637E+00
 8.91198E-01
 2.31443E+00
 3.87356E+00
 6.69267E+00
 7.34550E+00
 2.84261E+00
 2.38113E+00
 6.56226E+00
 1.01925E+01
 1.19813E+01
 4.95189E+00
 3.49114E+00
 1.17198E+01
 9.98091E+00
 1.60641E+01
 4.09960E+00
 7.51125E+00
SCALARS elemRegul  float  1
LOOKUP_TABLE default
 0.00000E+00
 0.00000E+00
 0.00000E+00
 0.00000E+00
 0.00000E+00
 0.00000E+00
 0.00000E+00
 0.00000E+00
 0.00000E+00
 0.00000E+00
 0.00000E+00
 0.00000E+00
 0.00000E+00
 0.00000E+00
 0.00000E+00
 0.00000E+00
 0.00000E+00
 0.00000E+00
 0.00000E+00
 0.00000E+00
 0.00000E+00
 0.00000E+00
 0.00000E+00
 0.00000E+00
 0.00000E+00
 0.00000E+00
 0.00000E+00
 0.00000E+00
 0.00000E+00
 0.00000E+00
 0.00000E+00
 0.00000E+00
 0.00000E+00
 0.00000E+00
 0.00000E+00
 0.00000E+00
 0.00000E+00
 0.00000E+00
 0.00000E+00
 0.00000E+00
SCALARS l2grad2  float  1
LOOKUP_TABLE default
 0.00000E+00
 0.00000E+00
 0.00000E+00
 0.00000E+00
 0.00000E+00
 0.00000E+00
 0.00000E+00
 0.00000E+00
 0.00000E+00
 0.00000E+00
 0.00000E+00
 0.00000E+00
 0.00000E+00
 0.00000E+00
 0.00000E+00
 0.00000E+00
 0.00000E+00
 0.00000E+00
 0.00000E+00
 0.00000E+00
 0.00000E+00
 0.00000E+00
 0.00000E+00
 0.00000E+00
 0.00000E+00
 0.00000E+00
 0.00000E+00
 0.00000E+00
 0.00000E+00
 0.00000E+00
 0.00000E+00
 0.00000E+00
 0.00000E+00
 0.00000E+00
 0.00000E+00
 0.00000E+00
 0.00000E+00
 0.00000E+00
 0.00000E+00
 0.00000E+00
