0.000000e+00   0.000000e+00   6.000000e+00
1.995019e+00   0.000000e+00   6.000000e+00
3.990037e+00   0.000000e+00   6.000000e+00
5.985056e+00   0.000000e+00   6.000000e+00
0.000000e+00   2.010000e+00   6.000000e+00
1.995019e+00   2.010000e+00   6.000000e+00
3.990037e+00   2.010000e+00   6.000000e+00
5.985056e+00   2.010000e+00   6.000000e+00
0.000000e+00   4.020000e+00   6.000000e+00
1.995019e+00   4.020000e+00   6.000000e+00
3.990037e+00   4.020000e+00   6.000000e+00
5.985056e+00   4.020000e+00   6.000000e+00
0.000000e+00   0.000000e+00   4.004981e+00
1.995019e+00   0.000000e+00   4.004981e+00
3.990037e+00   0.000000e+00   4.004981e+00
5.985056e+00   0.000000e+00   4.004981e+00
0.000000e+00   2.010000e+00   4.004981e+00
1.995019e+00   2.010000e+00   4.004981e+00
3.990037e+00   2.010000e+00   4.004981e+00
5.985056e+00   2.010000e+00   4.004981e+00
0.000000e+00   4.020000e+00   4.004981e+00
1.995019e+00   4.020000e+00   4.004981e+00
3.990037e+00   4.020000e+00   4.004981e+00
5.985056e+00   4.020000e+00   4.004981e+00
0.000000e+00   0.000000e+00   2.009963e+00
1.995019e+00   0.000000e+00   2.009963e+00
3.990037e+00   0.000000e+00   2.009963e+00
5.985056e+00   0.000000e+00   2.009963e+00
0.000000e+00   2.010000e+00   2.009963e+00
1.995019e+00   2.010000e+00   2.009963e+00
3.990037e+00   2.010000e+00   2.009963e+00
5.985056e+00   2.010000e+00   2.009963e+00
0.000000e+00   4.020000e+00   2.009963e+00
1.995019e+00   4.020000e+00   2.009963e+00
3.990037e+00   4.020000e+00   2.009963e+00
5.985056e+00   4.020000e+00   2.009963e+00
-4.409200e-17   0.000000e+00   1.494400e-02
1.995019e+00   0.000000e+00   1.494400e-02
3.990037e+00   0.000000e+00   1.494400e-02
5.985056e+00   0.000000e+00   1.494400e-02
0.000000e+00   2.010000e+00   1.494400e-02
1.995019e+00   2.010000e+00   1.494400e-02
3.990037e+00   2.010000e+00   1.494400e-02
5.985056e+00   2.010000e+00   1.494400e-02
0.000000e+00   4.020000e+00   1.494400e-02
1.995019e+00   4.020000e+00   1.494400e-02
3.990037e+00   4.020000e+00   1.494400e-02
5.985056e+00   4.020000e+00   1.494400e-02
