 0.000000E+00  0.000000E+00  6.000000E+00
 2.000000E+00  0.000000E+00  6.000000E+00
 4.000000E+00  0.000000E+00  6.000000E+00
 6.000000E+00  0.000000E+00  6.000000E+00
 0.000000E+00  2.000000E+00  6.000000E+00
 2.000000E+00  2.000000E+00  6.000000E+00
 4.000000E+00  2.000000E+00  6.000000E+00
 6.000000E+00  2.000000E+00  6.000000E+00
 0.000000E+00  4.000000E+00  6.000000E+00
 2.000000E+00  4.000000E+00  6.000000E+00
 4.000000E+00  4.000000E+00  6.000000E+00
 6.000000E+00  4.000000E+00  6.000000E+00
 0.000000E+00  0.000000E+00  4.000000E+00
 2.000000E+00  0.000000E+00  4.000000E+00
 4.000000E+00  0.000000E+00  4.000000E+00
 6.000000E+00  0.000000E+00  4.000000E+00
 0.000000E+00  2.000000E+00  4.000000E+00
 2.000000E+00  2.000000E+00  4.000000E+00
 4.000000E+00  2.000000E+00  4.000000E+00
 6.000000E+00  2.000000E+00  4.000000E+00
 0.000000E+00  4.000000E+00  4.000000E+00
 2.000000E+00  4.000000E+00  4.000000E+00
 4.000000E+00  4.000000E+00  4.000000E+00
 6.000000E+00  4.000000E+00  4.000000E+00
 0.000000E+00  0.000000E+00  2.000000E+00
 2.000000E+00  0.000000E+00  2.000000E+00
 4.000000E+00  0.000000E+00  2.000000E+00
 6.000000E+00  0.000000E+00  2.000000E+00
 0.000000E+00  2.000000E+00  2.000000E+00
 2.000000E+00  2.000000E+00  2.000000E+00
 4.000000E+00  2.000000E+00  2.000000E+00
 6.000000E+00  2.000000E+00  2.000000E+00
 0.000000E+00  4.000000E+00  2.000000E+00
 2.000000E+00  4.000000E+00  2.000000E+00
 4.000000E+00  4.000000E+00  2.000000E+00
 6.000000E+00  4.000000E+00  2.000000E+00
 0.000000E+00  0.000000E+00  0.000000E+00
 2.000000E+00  0.000000E+00  0.000000E+00
 4.000000E+00  0.000000E+00  0.000000E+00
 6.000000E+00  0.000000E+00  0.000000E+00
 0.000000E+00  2.000000E+00  0.000000E+00
 2.000000E+00  2.000000E+00  0.000000E+00
 4.000000E+00  2.000000E+00  0.000000E+00
 6.000000E+00  2.000000E+00  0.000000E+00
 0.000000E+00  4.000000E+00  0.000000E+00
 2.000000E+00  4.000000E+00  0.000000E+00
 4.000000E+00  4.000000E+00  0.000000E+00
 6.000000E+00  4.000000E+00  0.000000E+00
