 0.00000E+00      0.00000E+00      0.00000E+00
-4.98133E-03      0.00000E+00      0.00000E+00
-9.96266E-03      0.00000E+00      0.00000E+00
-1.49440E-02      0.00000E+00      0.00000E+00
 0.00000E+00      1.00000E-02      0.00000E+00
-4.98133E-03      1.00000E-02      0.00000E+00
-9.96266E-03      1.00000E-02      0.00000E+00
-1.49440E-02      1.00000E-02      0.00000E+00
 0.00000E+00      2.00000E-02      0.00000E+00
-4.98133E-03      2.00000E-02      0.00000E+00
-9.96266E-03      2.00000E-02      0.00000E+00
-1.49440E-02      2.00000E-02      0.00000E+00
 0.00000E+00      0.00000E+00      4.98133E-03
-4.98133E-03      0.00000E+00      4.98133E-03
-9.96266E-03      0.00000E+00      4.98133E-03
-1.49440E-02      0.00000E+00      4.98133E-03
 0.00000E+00      1.00000E-02      4.98133E-03
-4.98133E-03      1.00000E-02      4.98133E-03
-9.96266E-03      1.00000E-02      4.98133E-03
-1.49440E-02      1.00000E-02      4.98133E-03
 0.00000E+00      2.00000E-02      4.98133E-03
-4.98133E-03      2.00000E-02      4.98133E-03
-9.96266E-03      2.00000E-02      4.98133E-03
-1.49440E-02      2.00000E-02      4.98133E-03
 0.00000E+00      0.00000E+00      9.96266E-03
-4.98133E-03      0.00000E+00      9.96266E-03
-9.96266E-03      0.00000E+00      9.96266E-03
-1.49440E-02      0.00000E+00      9.96266E-03
 0.00000E+00      1.00000E-02      9.96266E-03
-4.98133E-03      1.00000E-02      9.96266E-03
-9.96266E-03      1.00000E-02      9.96266E-03
-1.49440E-02      1.00000E-02      9.96266E-03
 0.00000E+00      2.00000E-02      9.96266E-03
-4.98133E-03      2.00000E-02      9.96266E-03
-9.96266E-03      2.00000E-02      9.96266E-03
-1.49440E-02      2.00000E-02      9.96266E-03
-4.40920E-17      0.00000E+00      1.49440E-02
-4.98133E-03      0.00000E+00      1.49440E-02
-9.96266E-03      0.00000E+00      1.49440E-02
-1.49440E-02      0.00000E+00      1.49440E-02
 0.00000E+00      1.00000E-02      1.49440E-02
-4.98133E-03      1.00000E-02      1.49440E-02
-9.96266E-03      1.00000E-02      1.49440E-02
-1.49440E-02      1.00000E-02      1.49440E-02
 0.00000E+00      2.00000E-02      1.49440E-02
-4.98133E-03      2.00000E-02      1.49440E-02
-9.96266E-03      2.00000E-02      1.49440E-02
-1.49440E-02      2.00000E-02      1.49440E-02
