CELL_DATA          40
SCALARS elemDataMatch  float  1
LOOKUP_TABLE default
 1.95917E-11
 2.67717E-11
 3.89647E-11
 9.63641E-12
 4.42019E-12
 1.11877E-11
 4.71096E-12
 1.30968E-11
 4.40833E-12
 1.53678E-12
 7.65327E-12
 1.00050E-11
 1.47095E-11
 9.21159E-12
 4.34385E-12
 3.35046E-12
 6.84230E-12
 7.90601E-12
 4.63726E-12
 1.53299E-12
 2.86162E-11
 2.70267E-11
 3.53547E-11
 3.10630E-11
 3.24655E-11
 3.09378E-11
 3.80023E-11
 4.60932E-11
 1.51356E-11
 2.39124E-11
 7.99239E-11
 4.83138E-11
 8.31623E-11
 3.20525E-11
 1.41045E-11
 8.31712E-11
 2.45979E-11
 5.31624E-11
 5.70408E-12
 2.75482E-11
SCALARS elemRegul  float  1
LOOKUP_TABLE default
 0.00000E+00
 0.00000E+00
 0.00000E+00
 0.00000E+00
 0.00000E+00
 0.00000E+00
 0.00000E+00
 0.00000E+00
 0.00000E+00
 0.00000E+00
 0.00000E+00
 0.00000E+00
 0.00000E+00
 0.00000E+00
 0.00000E+00
 0.00000E+00
 0.00000E+00
 0.00000E+00
 0.00000E+00
 0.00000E+00
 0.00000E+00
 0.00000E+00
 0.00000E+00
 0.00000E+00
 0.00000E+00
 0.00000E+00
 0.00000E+00
 0.00000E+00
 0.00000E+00
 0.00000E+00
 0.00000E+00
 0.00000E+00
 0.00000E+00
 0.00000E+00
 0.00000E+00
 0.00000E+00
 0.00000E+00
 0.00000E+00
 0.00000E+00
 0.00000E+00
SCALARS l2grad2  float  1
LOOKUP_TABLE default
 0.00000E+00
 0.00000E+00
 0.00000E+00
 0.00000E+00
 0.00000E+00
 0.00000E+00
 0.00000E+00
 0.00000E+00
 0.00000E+00
 0.00000E+00
 0.00000E+00
 0.00000E+00
 0.00000E+00
 0.00000E+00
 0.00000E+00
 0.00000E+00
 0.00000E+00
 0.00000E+00
 0.00000E+00
 0.00000E+00
 0.00000E+00
 0.00000E+00
 0.00000E+00
 0.00000E+00
 0.00000E+00
 0.00000E+00
 0.00000E+00
 0.00000E+00
 0.00000E+00
 0.00000E+00
 0.00000E+00
 0.00000E+00
 0.00000E+00
 0.00000E+00
 0.00000E+00
 0.00000E+00
 0.00000E+00
 0.00000E+00
 0.00000E+00
 0.00000E+00
